image: racetrack_carto.png
resolution: 0.050000
origin: [-11.128651, -22.895120, 0.000000]
negate: 0
occupied_thresh: 0.65
free_thresh: 0.196

